[INFO] Dropping OS Page Caches..
[INFO] Clearing CPU Caches
Once upon a time, there was
[INFO] Preparing Required Components

[INFO] Model Loading took 5 ms
NODES 1542 TENSORS 2904
EXECUTION PLAN LENGTH 1542
Total tensor memory size: 3701464294 bytes
Tensor Details:
ID	Size(B)	Alloc	Usage	Used by Nodes
----------------------------------------
0	4194304	2	1	1461
1	4194304	2	1	219
2	4194304	2	1	164
3	4194304	2	1	920
4	4194304	2	1	488
5	4	2	5	3,8,9,10,54
6	4194304	2	1	1407
7	4194304	2	1	1245
8	4194304	2	1	596
9	4194304	2	1	1352
10	4194304	2	1	974
11	4194304	2	1	381
12	4194304	2	1	1515
13	4194304	2	1	1244
14	4194304	2	1	272
15	4194304	2	1	1136
16	4194304	2	1	542
17	4194304	2	1	1299
18	4194304	2	1	218
19	4194304	2	1	57
20	4194304	2	1	704
21	4194304	2	1	1029
22	4194304	2	1	651
23	4194304	2	1	327
24	4194304	2	1	380
25	4194304	2	1	1028
26	4194304	2	1	1460
27	4194304	2	1	1083
28	4194304	2	1	434
29	4194304	2	1	597
30	4194304	2	1	921
31	4194304	2	1	705
32	4194304	2	1	1298
33	4194304	2	1	812
34	4194304	2	1	867
35	4194304	2	1	758
36	4194304	2	1	435
37	4194304	2	1	1191
38	4194304	2	1	111
39	4	2	1	0
40	4194304	2	1	975
41	4194304	2	1	759
42	4194304	2	1	56
43	4194304	2	1	1190
44	4194304	2	1	1353
45	4194304	2	1	866
46	4194304	2	1	543
47	4194304	2	1	165
48	4194304	2	1	110
49	4194304	2	1	489
50	4194304	2	1	1406
51	4194304	2	1	273
52	4194304	2	1	650
53	4194304	2	1	1082
54	4194304	2	1	326
55	4194304	2	1	1137
56	4194304	2	1	1514
57	4194304	2	1	813
58	25165824	1	1	1532
59	25165824	1	1	1530
60	25165824	1	1	1527
61	9437184	1	1	1518
62	15728640	1	1	1487
63	25165824	1	1	1478
64	25165824	1	1	1476
65	25165824	1	1	1473
66	9437184	1	1	1464
67	15728640	1	1	1433
68	25165824	1	1	1424
69	25165824	1	1	1422
70	25165824	1	1	1419
71	9437184	1	1	1410
72	15728640	1	1	1379
73	25165824	1	1	1370
74	25165824	1	1	1368
75	25165824	1	1	1365
76	9437184	1	1	1356
77	15728640	1	1	1325
78	25165824	1	1	1316
79	25165824	1	1	1314
80	25165824	1	1	1311
81	9437184	1	1	1302
82	15728640	1	1	1271
83	25165824	1	1	1262
84	25165824	1	1	1260
85	25165824	1	1	1257
86	9437184	1	1	1248
87	15728640	1	1	1217
88	25165824	1	1	1208
89	25165824	1	1	1206
90	25165824	1	1	1203
91	9437184	1	1	1194
92	15728640	1	1	1163
93	25165824	1	1	1154
94	25165824	1	1	1152
95	25165824	1	1	1149
96	9437184	1	1	1140
97	15728640	1	1	1109
98	25165824	1	1	1100
99	25165824	1	1	1098
100	25165824	1	1	1095
101	9437184	1	1	1086
102	15728640	1	1	1055
103	25165824	1	1	1046
104	25165824	1	1	1044
105	25165824	1	1	1041
106	9437184	1	1	1032
107	15728640	1	1	1001
108	25165824	1	1	992
109	25165824	1	1	990
110	25165824	1	1	987
111	9437184	1	1	978
112	15728640	1	1	947
113	25165824	1	1	938
114	25165824	1	1	936
115	25165824	1	1	933
116	9437184	1	1	924
117	15728640	1	1	893
118	25165824	1	1	884
119	25165824	1	1	882
120	25165824	1	1	879
121	9437184	1	1	870
122	15728640	1	1	839
123	25165824	1	1	830
124	25165824	1	1	828
125	25165824	1	1	825
126	9437184	1	1	816
127	15728640	1	1	785
128	25165824	1	1	776
129	25165824	1	1	774
130	25165824	1	1	771
131	9437184	1	1	762
132	15728640	1	1	731
133	25165824	1	1	722
134	25165824	1	1	720
135	25165824	1	1	717
136	9437184	1	1	708
137	15728640	1	1	677
138	25165824	1	1	668
139	25165824	1	1	666
140	25165824	1	1	663
141	9437184	1	1	654
142	15728640	1	1	623
143	25165824	1	1	614
144	25165824	1	1	612
145	25165824	1	1	609
146	9437184	1	1	600
147	15728640	1	1	569
148	25165824	1	1	560
149	25165824	1	1	558
150	25165824	1	1	555
151	9437184	1	1	546
152	15728640	1	1	515
153	25165824	1	1	506
154	25165824	1	1	504
155	25165824	1	1	501
156	9437184	1	1	492
157	15728640	1	1	461
158	25165824	1	1	452
159	25165824	1	1	450
160	25165824	1	1	447
161	9437184	1	1	438
162	15728640	1	1	407
163	25165824	1	1	398
164	25165824	1	1	396
165	25165824	1	1	393
166	9437184	1	1	384
167	15728640	1	1	353
168	25165824	1	1	344
169	25165824	1	1	342
170	25165824	1	1	339
171	9437184	1	1	330
172	15728640	1	1	299
173	25165824	1	1	290
174	25165824	1	1	288
175	25165824	1	1	285
176	9437184	1	1	276
177	15728640	1	1	245
178	25165824	1	1	236
179	25165824	1	1	234
180	25165824	1	1	231
181	9437184	1	1	222
182	15728640	1	1	191
183	25165824	1	1	182
184	25165824	1	1	180
185	25165824	1	1	177
186	9437184	1	1	168
187	15728640	1	1	137
188	25165824	1	1	128
189	25165824	1	1	126
190	25165824	1	1	123
191	9437184	1	1	114
192	15728640	1	1	83
193	25165824	1	1	74
194	25165824	1	1	72
195	25165824	1	1	69
196	9437184	1	1	60
197	15728640	1	1	27
198	16	1	56	44,45,100,101,154,155,208,209,262,263,316,317,370,371,424,425,478,479,532,533,586,587,640,641,694,695,748,749,802,803,856,857,910,911,964,965,1018,1019,1072,1073,1126,1127,1180,1181,1234,1235,1288,1289,1342,1343,1396,1397,1450,1451,1504,1505
199	16	1	56	34,45,90,101,144,155,198,209,252,263,306,317,360,371,414,425,468,479,522,533,576,587,630,641,684,695,738,749,792,803,846,857,900,911,954,965,1008,1019,1062,1073,1116,1127,1170,1181,1224,1235,1278,1289,1332,1343,1386,1397,1440,1451,1494,1505
200	16	1	56	33,34,89,90,143,144,197,198,251,252,305,306,359,360,413,414,467,468,521,522,575,576,629,630,683,684,737,738,791,792,845,846,899,900,953,954,1007,1008,1061,1062,1115,1116,1169,1170,1223,1224,1277,1278,1331,1332,1385,1386,1439,1440,1493,1494
201	16	1	28	31,87,141,195,249,303,357,411,465,519,573,627,681,735,789,843,897,951,1005,1059,1113,1167,1221,1275,1329,1383,1437,1491
202	16	1	28	30,86,140,194,248,302,356,410,464,518,572,626,680,734,788,842,896,950,1004,1058,1112,1166,1220,1274,1328,1382,1436,1490
203	16	1	28	29,85,139,193,247,301,355,409,463,517,571,625,679,733,787,841,895,949,1003,1057,1111,1165,1219,1273,1327,1381,1435,1489
204	16	1	84	29,33,44,85,89,100,139,143,154,193,197,208,247,251,262,301,305,316,355,359,370,409,413,424,463,467,478,517,521,532,571,575,586,625,629,640,679,683,694,733,737,748,787,791,802,841,845,856,895,899,910,949,953,964,1003,1007,1018,1057,1061,1072,1111,1115,1126,1165,1169,1180,1219,1223,1234,1273,1277,1288,1327,1331,1342,1381,1385,1396,1435,1439,1450,1489,1493,1504
205	4	1	57	22,64,78,118,132,172,186,226,240,280,294,334,348,388,402,442,456,496,510,550,564,604,618,658,672,712,726,766,780,820,834,874,888,928,942,982,996,1036,1050,1090,1104,1144,1158,1198,1212,1252,1266,1306,1320,1360,1374,1414,1428,1468,1482,1522,1536
206	4	1	57	21,63,77,117,131,171,185,225,239,279,293,333,347,387,401,441,455,495,509,549,563,603,617,657,671,711,725,765,779,819,833,873,887,927,941,981,995,1035,1049,1089,1103,1143,1157,1197,1211,1251,1265,1305,1319,1359,1373,1413,1427,1467,1481,1521,1535
207	12288	1	1	1540
208	12288	1	1	1526
209	12288	1	1	1486
210	12288	1	1	1472
211	12288	1	1	1432
212	12288	1	1	1418
213	12288	1	1	1378
214	12288	1	1	1364
215	12288	1	1	1324
216	12288	1	1	1310
217	12288	1	1	1270
218	12288	1	1	1256
219	12288	1	1	1216
220	12288	1	1	1202
221	12288	1	1	1162
222	12288	1	1	1148
223	12288	1	1	1108
224	12288	1	1	1094
225	12288	1	1	1054
226	12288	1	1	1040
227	12288	1	1	1000
228	12288	1	1	986
229	12288	1	1	946
230	12288	1	1	932
231	12288	1	1	892
232	12288	1	1	878
233	12288	1	1	838
234	12288	1	1	824
235	12288	1	1	784
236	12288	1	1	770
237	12288	1	1	730
238	12288	1	1	716
239	12288	1	1	676
240	12288	1	1	662
241	12288	1	1	622
242	12288	1	1	608
243	12288	1	1	568
244	12288	1	1	554
245	12288	1	1	514
246	12288	1	1	500
247	12288	1	1	460
248	12288	1	1	446
249	12288	1	1	406
250	12288	1	1	392
251	12288	1	1	352
252	12288	1	1	338
253	12288	1	1	298
254	12288	1	1	284
255	12288	1	1	244
256	12288	1	1	230
257	12288	1	1	190
258	12288	1	1	176
259	12288	1	1	136
260	12288	1	1	122
261	12288	1	1	82
262	12288	1	1	68
263	12288	1	1	26
264	4194304	1	1	17
265	0	1	1	54
266	16	1	84	30,31,53,86,87,109,140,141,163,194,195,217,248,249,271,302,303,325,356,357,379,410,411,433,464,465,487,518,519,541,572,573,595,626,627,649,680,681,703,734,735,757,788,789,811,842,843,865,896,897,919,950,951,973,1004,1005,1027,1058,1059,1081,1112,1113,1135,1166,1167,1189,1220,1221,1243,1274,1275,1297,1328,1329,1351,1382,1383,1405,1436,1437,1459,1490,1491,1513
267	16	1	28	43,99,153,207,261,315,369,423,477,531,585,639,693,747,801,855,909,963,1017,1071,1125,1179,1233,1287,1341,1395,1449,1503
268	16	1	28	42,98,152,206,260,314,368,422,476,530,584,638,692,746,800,854,908,962,1016,1070,1124,1178,1232,1286,1340,1394,1448,1502
269	16	1	28	32,88,142,196,250,304,358,412,466,520,574,628,682,736,790,844,898,952,1006,1060,1114,1168,1222,1276,1330,1384,1438,1492
270	16	1	28	28,84,138,192,246,300,354,408,462,516,570,624,678,732,786,840,894,948,1002,1056,1110,1164,1218,1272,1326,1380,1434,1488
271	4	1	1	19
272	256	1	1	5
273	8	1	2	4,11
274	12	1	29	2,59,113,167,221,275,329,383,437,491,545,599,653,707,761,815,869,923,977,1031,1085,1139,1193,1247,1301,1355,1409,1463,1517
275	16	1	1	18
276	4	1	2	0,16
277	4	1	1	8
278	4	1	1	9
279	8	1	1	13
280	8	1	1	14
281	4	1	57	23,65,79,119,133,173,187,227,241,281,295,335,349,389,403,443,457,497,511,551,565,605,619,659,673,713,727,767,781,821,835,875,889,929,943,983,997,1037,1051,1091,1105,1145,1159,1199,1213,1253,1267,1307,1321,1361,1375,1415,1429,1469,1483,1523,1537
282	4	1	3	55
283	394002432	1	2	1,1541
284	4	2	2	0,1
285	12288	2	5	1,2,20,25,61
286	12288	2	2	2,20
287	4	2	2	3,4
288	4	2	2	4,5
289	256	2	3	5,6,7
290	256	2	113	6,35,38,46,49,91,94,102,105,145,148,156,159,199,202,210,213,253,256,264,267,307,310,318,321,361,364,372,375,415,418,426,429,469,472,480,483,523,526,534,537,577,580,588,591,631,634,642,645,685,688,696,699,739,742,750,753,793,796,804,807,847,850,858,861,901,904,912,915,955,958,966,969,1009,1012,1020,1023,1063,1066,1074,1077,1117,1120,1128,1131,1171,1174,1182,1185,1225,1228,1236,1239,1279,1282,1290,1293,1333,1336,1344,1347,1387,1390,1398,1401,1441,1444,1452,1455,1495,1498,1506,1509
291	256	2	113	7,36,39,47,50,92,95,103,106,146,149,157,160,200,203,211,214,254,257,265,268,308,311,319,322,362,365,373,376,416,419,427,430,470,473,481,484,524,527,535,538,578,581,589,592,632,635,643,646,686,689,697,700,740,743,751,754,794,797,805,808,848,851,859,862,902,905,913,916,956,959,967,970,1010,1013,1021,1024,1064,1067,1075,1078,1118,1121,1129,1132,1172,1175,1183,1186,1226,1229,1237,1240,1280,1283,1291,1294,1334,1337,1345,1348,1388,1391,1399,1402,1442,1445,1453,1456,1496,1499,1507,1510
292	1	2	2	8,10
293	4	2	2	9,10
294	4	2	2	10,11
295	4	2	2	11,12
296	8	2	4	12,13,14,17
297	1	2	2	13,15
298	1	2	2	14,15
299	1	2	2	15,16
300	1	2	2	16,18
301	4096	2	2	17,19
302	1	2	2	18,19
303	4096	2	29	19,58,112,166,220,274,328,382,436,490,544,598,652,706,760,814,868,922,976,1030,1084,1138,1192,1246,1300,1354,1408,1462,1516
304	12288	2	2	20,21
305	4	2	2	21,22
306	4	2	2	22,23
307	4	2	2	23,24
308	4	2	2	24,25
309	12288	2	2	25,26
310	12288	2	2	26,27
311	20480	2	2	27,28
312	20480	2	4	28,29,30,31
313	12288	2	2	29,32
314	4096	2	2	30,43
315	4096	2	2	31,57
316	12288	2	3	32,33,34
317	6144	2	3	33,35,39
318	6144	2	3	34,36,38
319	6144	2	2	35,37
320	6144	2	2	36,37
321	6144	2	2	37,41
322	6144	2	2	38,40
323	6144	2	2	39,40
324	6144	2	2	40,41
325	12288	2	2	41,42
326	12288	2	2	42,58
327	4096	2	3	43,44,45
328	2048	2	3	44,46,50
329	2048	2	3	45,47,49
330	2048	2	2	46,48
331	2048	2	2	47,48
332	2048	2	2	48,52
333	2048	2	2	49,51
334	2048	2	2	50,51
335	2048	2	2	51,52
336	4096	2	2	52,53
337	4096	2	2	53,56
338	4	2	2	54,55
339	16	2	57	55,56,57,110,111,164,165,218,219,272,273,326,327,380,381,434,435,488,489,542,543,596,597,650,651,704,705,758,759,812,813,866,867,920,921,974,975,1028,1029,1082,1083,1136,1137,1190,1191,1244,1245,1298,1299,1352,1353,1406,1407,1460,1461,1514,1515
340	4194304	2	2	56,58
341	4194304	2	2	57,58
342	12288	2	2	58,59
343	12288	2	2	59,60
344	12288	2	2	60,61
345	12288	2	5	61,62,67,75
346	12288	2	2	62,63
347	4	2	2	63,64
348	4	2	2	64,65
349	4	2	2	65,66
350	4	2	2	66,67
351	12288	2	2	67,68
352	12288	2	3	68,69,72
353	32768	2	3	69,70,71
354	32768	2	2	70,71
355	32768	2	2	71,73
356	32768	2	2	72,73
357	32768	2	2	73,74
358	12288	2	2	74,75
359	12288	2	5	75,76,81,115
360	12288	2	2	76,77
361	4	2	2	77,78
362	4	2	2	78,79
363	4	2	2	79,80
364	4	2	2	80,81
365	12288	2	2	81,82
366	12288	2	2	82,83
367	20480	2	2	83,84
368	20480	2	4	84,85,86,87
369	12288	2	2	85,88
370	4096	2	2	86,99
371	4096	2	2	87,111
372	12288	2	3	88,89,90
373	6144	2	3	89,91,95
374	6144	2	3	90,92,94
375	6144	2	2	91,93
376	6144	2	2	92,93
377	6144	2	2	93,97
378	6144	2	2	94,96
379	6144	2	2	95,96
380	6144	2	2	96,97
381	12288	2	2	97,98
382	12288	2	2	98,112
383	4096	2	3	99,100,101
384	2048	2	3	100,102,106
385	2048	2	3	101,103,105
386	2048	2	2	102,104
387	2048	2	2	103,104
388	2048	2	2	104,108
389	2048	2	2	105,107
390	2048	2	2	106,107
391	2048	2	2	107,108
392	4096	2	2	108,109
393	4096	2	2	109,110
394	4194304	2	2	110,112
395	4194304	2	2	111,112
396	12288	2	2	112,113
397	12288	2	2	113,114
398	12288	2	2	114,115
399	12288	2	5	115,116,121,129
400	12288	2	2	116,117
401	4	2	2	117,118
402	4	2	2	118,119
403	4	2	2	119,120
404	4	2	2	120,121
405	12288	2	2	121,122
406	12288	2	3	122,123,126
407	32768	2	3	123,124,125
408	32768	2	2	124,125
409	32768	2	2	125,127
410	32768	2	2	126,127
411	32768	2	2	127,128
412	12288	2	2	128,129
413	12288	2	5	129,130,135,169
414	12288	2	2	130,131
415	4	2	2	131,132
416	4	2	2	132,133
417	4	2	2	133,134
418	4	2	2	134,135
419	12288	2	2	135,136
420	12288	2	2	136,137
421	20480	2	2	137,138
422	20480	2	4	138,139,140,141
423	12288	2	2	139,142
424	4096	2	2	140,153
425	4096	2	2	141,165
426	12288	2	3	142,143,144
427	6144	2	3	143,145,149
428	6144	2	3	144,146,148
429	6144	2	2	145,147
430	6144	2	2	146,147
431	6144	2	2	147,151
432	6144	2	2	148,150
433	6144	2	2	149,150
434	6144	2	2	150,151
435	12288	2	2	151,152
436	12288	2	2	152,166
437	4096	2	3	153,154,155
438	2048	2	3	154,156,160
439	2048	2	3	155,157,159
440	2048	2	2	156,158
441	2048	2	2	157,158
442	2048	2	2	158,162
443	2048	2	2	159,161
444	2048	2	2	160,161
445	2048	2	2	161,162
446	4096	2	2	162,163
447	4096	2	2	163,164
448	4194304	2	2	164,166
449	4194304	2	2	165,166
450	12288	2	2	166,167
451	12288	2	2	167,168
452	12288	2	2	168,169
453	12288	2	5	169,170,175,183
454	12288	2	2	170,171
455	4	2	2	171,172
456	4	2	2	172,173
457	4	2	2	173,174
458	4	2	2	174,175
459	12288	2	2	175,176
460	12288	2	3	176,177,180
461	32768	2	3	177,178,179
462	32768	2	2	178,179
463	32768	2	2	179,181
464	32768	2	2	180,181
465	32768	2	2	181,182
466	12288	2	2	182,183
467	12288	2	5	183,184,189,223
468	12288	2	2	184,185
469	4	2	2	185,186
470	4	2	2	186,187
471	4	2	2	187,188
472	4	2	2	188,189
473	12288	2	2	189,190
474	12288	2	2	190,191
475	20480	2	2	191,192
476	20480	2	4	192,193,194,195
477	12288	2	2	193,196
478	4096	2	2	194,207
479	4096	2	2	195,219
480	12288	2	3	196,197,198
481	6144	2	3	197,199,203
482	6144	2	3	198,200,202
483	6144	2	2	199,201
484	6144	2	2	200,201
485	6144	2	2	201,205
486	6144	2	2	202,204
487	6144	2	2	203,204
488	6144	2	2	204,205
489	12288	2	2	205,206
490	12288	2	2	206,220
491	4096	2	3	207,208,209
492	2048	2	3	208,210,214
493	2048	2	3	209,211,213
494	2048	2	2	210,212
495	2048	2	2	211,212
496	2048	2	2	212,216
497	2048	2	2	213,215
498	2048	2	2	214,215
499	2048	2	2	215,216
500	4096	2	2	216,217
501	4096	2	2	217,218
502	4194304	2	2	218,220
503	4194304	2	2	219,220
504	12288	2	2	220,221
505	12288	2	2	221,222
506	12288	2	2	222,223
507	12288	2	5	223,224,229,237
508	12288	2	2	224,225
509	4	2	2	225,226
510	4	2	2	226,227
511	4	2	2	227,228
512	4	2	2	228,229
513	12288	2	2	229,230
514	12288	2	3	230,231,234
515	32768	2	3	231,232,233
516	32768	2	2	232,233
517	32768	2	2	233,235
518	32768	2	2	234,235
519	32768	2	2	235,236
520	12288	2	2	236,237
521	12288	2	5	237,238,243,277
522	12288	2	2	238,239
523	4	2	2	239,240
524	4	2	2	240,241
525	4	2	2	241,242
526	4	2	2	242,243
527	12288	2	2	243,244
528	12288	2	2	244,245
529	20480	2	2	245,246
530	20480	2	4	246,247,248,249
531	12288	2	2	247,250
532	4096	2	2	248,261
533	4096	2	2	249,273
534	12288	2	3	250,251,252
535	6144	2	3	251,253,257
536	6144	2	3	252,254,256
537	6144	2	2	253,255
538	6144	2	2	254,255
539	6144	2	2	255,259
540	6144	2	2	256,258
541	6144	2	2	257,258
542	6144	2	2	258,259
543	12288	2	2	259,260
544	12288	2	2	260,274
545	4096	2	3	261,262,263
546	2048	2	3	262,264,268
547	2048	2	3	263,265,267
548	2048	2	2	264,266
549	2048	2	2	265,266
550	2048	2	2	266,270
551	2048	2	2	267,269
552	2048	2	2	268,269
553	2048	2	2	269,270
554	4096	2	2	270,271
555	4096	2	2	271,272
556	4194304	2	2	272,274
557	4194304	2	2	273,274
558	12288	2	2	274,275
559	12288	2	2	275,276
560	12288	2	2	276,277
561	12288	2	5	277,278,283,291
562	12288	2	2	278,279
563	4	2	2	279,280
564	4	2	2	280,281
565	4	2	2	281,282
566	4	2	2	282,283
567	12288	2	2	283,284
568	12288	2	3	284,285,288
569	32768	2	3	285,286,287
570	32768	2	2	286,287
571	32768	2	2	287,289
572	32768	2	2	288,289
573	32768	2	2	289,290
574	12288	2	2	290,291
575	12288	2	5	291,292,297,331
576	12288	2	2	292,293
577	4	2	2	293,294
578	4	2	2	294,295
579	4	2	2	295,296
580	4	2	2	296,297
581	12288	2	2	297,298
582	12288	2	2	298,299
583	20480	2	2	299,300
584	20480	2	4	300,301,302,303
585	12288	2	2	301,304
586	4096	2	2	302,315
587	4096	2	2	303,327
588	12288	2	3	304,305,306
589	6144	2	3	305,307,311
590	6144	2	3	306,308,310
591	6144	2	2	307,309
592	6144	2	2	308,309
593	6144	2	2	309,313
594	6144	2	2	310,312
595	6144	2	2	311,312
596	6144	2	2	312,313
597	12288	2	2	313,314
598	12288	2	2	314,328
599	4096	2	3	315,316,317
600	2048	2	3	316,318,322
601	2048	2	3	317,319,321
602	2048	2	2	318,320
603	2048	2	2	319,320
604	2048	2	2	320,324
605	2048	2	2	321,323
606	2048	2	2	322,323
607	2048	2	2	323,324
608	4096	2	2	324,325
609	4096	2	2	325,326
610	4194304	2	2	326,328
611	4194304	2	2	327,328
612	12288	2	2	328,329
613	12288	2	2	329,330
614	12288	2	2	330,331
615	12288	2	5	331,332,337,345
616	12288	2	2	332,333
617	4	2	2	333,334
618	4	2	2	334,335
619	4	2	2	335,336
620	4	2	2	336,337
621	12288	2	2	337,338
622	12288	2	3	338,339,342
623	32768	2	3	339,340,341
624	32768	2	2	340,341
625	32768	2	2	341,343
626	32768	2	2	342,343
627	32768	2	2	343,344
628	12288	2	2	344,345
629	12288	2	5	345,346,351,385
630	12288	2	2	346,347
631	4	2	2	347,348
632	4	2	2	348,349
633	4	2	2	349,350
634	4	2	2	350,351
635	12288	2	2	351,352
636	12288	2	2	352,353
637	20480	2	2	353,354
638	20480	2	4	354,355,356,357
639	12288	2	2	355,358
640	4096	2	2	356,369
641	4096	2	2	357,381
642	12288	2	3	358,359,360
643	6144	2	3	359,361,365
644	6144	2	3	360,362,364
645	6144	2	2	361,363
646	6144	2	2	362,363
647	6144	2	2	363,367
648	6144	2	2	364,366
649	6144	2	2	365,366
650	6144	2	2	366,367
651	12288	2	2	367,368
652	12288	2	2	368,382
653	4096	2	3	369,370,371
654	2048	2	3	370,372,376
655	2048	2	3	371,373,375
656	2048	2	2	372,374
657	2048	2	2	373,374
658	2048	2	2	374,378
659	2048	2	2	375,377
660	2048	2	2	376,377
661	2048	2	2	377,378
662	4096	2	2	378,379
663	4096	2	2	379,380
664	4194304	2	2	380,382
665	4194304	2	2	381,382
666	12288	2	2	382,383
667	12288	2	2	383,384
668	12288	2	2	384,385
669	12288	2	5	385,386,391,399
670	12288	2	2	386,387
671	4	2	2	387,388
672	4	2	2	388,389
673	4	2	2	389,390
674	4	2	2	390,391
675	12288	2	2	391,392
676	12288	2	3	392,393,396
677	32768	2	3	393,394,395
678	32768	2	2	394,395
679	32768	2	2	395,397
680	32768	2	2	396,397
681	32768	2	2	397,398
682	12288	2	2	398,399
683	12288	2	5	399,400,405,439
684	12288	2	2	400,401
685	4	2	2	401,402
686	4	2	2	402,403
687	4	2	2	403,404
688	4	2	2	404,405
689	12288	2	2	405,406
690	12288	2	2	406,407
691	20480	2	2	407,408
692	20480	2	4	408,409,410,411
693	12288	2	2	409,412
694	4096	2	2	410,423
695	4096	2	2	411,435
696	12288	2	3	412,413,414
697	6144	2	3	413,415,419
698	6144	2	3	414,416,418
699	6144	2	2	415,417
700	6144	2	2	416,417
701	6144	2	2	417,421
702	6144	2	2	418,420
703	6144	2	2	419,420
704	6144	2	2	420,421
705	12288	2	2	421,422
706	12288	2	2	422,436
707	4096	2	3	423,424,425
708	2048	2	3	424,426,430
709	2048	2	3	425,427,429
710	2048	2	2	426,428
711	2048	2	2	427,428
712	2048	2	2	428,432
713	2048	2	2	429,431
714	2048	2	2	430,431
715	2048	2	2	431,432
716	4096	2	2	432,433
717	4096	2	2	433,434
718	4194304	2	2	434,436
719	4194304	2	2	435,436
720	12288	2	2	436,437
721	12288	2	2	437,438
722	12288	2	2	438,439
723	12288	2	5	439,440,445,453
724	12288	2	2	440,441
725	4	2	2	441,442
726	4	2	2	442,443
727	4	2	2	443,444
728	4	2	2	444,445
729	12288	2	2	445,446
730	12288	2	3	446,447,450
731	32768	2	3	447,448,449
732	32768	2	2	448,449
733	32768	2	2	449,451
734	32768	2	2	450,451
735	32768	2	2	451,452
736	12288	2	2	452,453
737	12288	2	5	453,454,459,493
738	12288	2	2	454,455
739	4	2	2	455,456
740	4	2	2	456,457
741	4	2	2	457,458
742	4	2	2	458,459
743	12288	2	2	459,460
744	12288	2	2	460,461
745	20480	2	2	461,462
746	20480	2	4	462,463,464,465
747	12288	2	2	463,466
748	4096	2	2	464,477
749	4096	2	2	465,489
750	12288	2	3	466,467,468
751	6144	2	3	467,469,473
752	6144	2	3	468,470,472
753	6144	2	2	469,471
754	6144	2	2	470,471
755	6144	2	2	471,475
756	6144	2	2	472,474
757	6144	2	2	473,474
758	6144	2	2	474,475
759	12288	2	2	475,476
760	12288	2	2	476,490
761	4096	2	3	477,478,479
762	2048	2	3	478,480,484
763	2048	2	3	479,481,483
764	2048	2	2	480,482
765	2048	2	2	481,482
766	2048	2	2	482,486
767	2048	2	2	483,485
768	2048	2	2	484,485
769	2048	2	2	485,486
770	4096	2	2	486,487
771	4096	2	2	487,488
772	4194304	2	2	488,490
773	4194304	2	2	489,490
774	12288	2	2	490,491
775	12288	2	2	491,492
776	12288	2	2	492,493
777	12288	2	5	493,494,499,507
778	12288	2	2	494,495
779	4	2	2	495,496
780	4	2	2	496,497
781	4	2	2	497,498
782	4	2	2	498,499
783	12288	2	2	499,500
784	12288	2	3	500,501,504
785	32768	2	3	501,502,503
786	32768	2	2	502,503
787	32768	2	2	503,505
788	32768	2	2	504,505
789	32768	2	2	505,506
790	12288	2	2	506,507
791	12288	2	5	507,508,513,547
792	12288	2	2	508,509
793	4	2	2	509,510
794	4	2	2	510,511
795	4	2	2	511,512
796	4	2	2	512,513
797	12288	2	2	513,514
798	12288	2	2	514,515
799	20480	2	2	515,516
800	20480	2	4	516,517,518,519
801	12288	2	2	517,520
802	4096	2	2	518,531
803	4096	2	2	519,543
804	12288	2	3	520,521,522
805	6144	2	3	521,523,527
806	6144	2	3	522,524,526
807	6144	2	2	523,525
808	6144	2	2	524,525
809	6144	2	2	525,529
810	6144	2	2	526,528
811	6144	2	2	527,528
812	6144	2	2	528,529
813	12288	2	2	529,530
814	12288	2	2	530,544
815	4096	2	3	531,532,533
816	2048	2	3	532,534,538
817	2048	2	3	533,535,537
818	2048	2	2	534,536
819	2048	2	2	535,536
820	2048	2	2	536,540
821	2048	2	2	537,539
822	2048	2	2	538,539
823	2048	2	2	539,540
824	4096	2	2	540,541
825	4096	2	2	541,542
826	4194304	2	2	542,544
827	4194304	2	2	543,544
828	12288	2	2	544,545
829	12288	2	2	545,546
830	12288	2	2	546,547
831	12288	2	5	547,548,553,561
832	12288	2	2	548,549
833	4	2	2	549,550
834	4	2	2	550,551
835	4	2	2	551,552
836	4	2	2	552,553
837	12288	2	2	553,554
838	12288	2	3	554,555,558
839	32768	2	3	555,556,557
840	32768	2	2	556,557
841	32768	2	2	557,559
842	32768	2	2	558,559
843	32768	2	2	559,560
844	12288	2	2	560,561
845	12288	2	5	561,562,567,601
846	12288	2	2	562,563
847	4	2	2	563,564
848	4	2	2	564,565
849	4	2	2	565,566
850	4	2	2	566,567
851	12288	2	2	567,568
852	12288	2	2	568,569
853	20480	2	2	569,570
854	20480	2	4	570,571,572,573
855	12288	2	2	571,574
856	4096	2	2	572,585
857	4096	2	2	573,597
858	12288	2	3	574,575,576
859	6144	2	3	575,577,581
860	6144	2	3	576,578,580
861	6144	2	2	577,579
862	6144	2	2	578,579
863	6144	2	2	579,583
864	6144	2	2	580,582
865	6144	2	2	581,582
866	6144	2	2	582,583
867	12288	2	2	583,584
868	12288	2	2	584,598
869	4096	2	3	585,586,587
870	2048	2	3	586,588,592
871	2048	2	3	587,589,591
872	2048	2	2	588,590
873	2048	2	2	589,590
874	2048	2	2	590,594
875	2048	2	2	591,593
876	2048	2	2	592,593
877	2048	2	2	593,594
878	4096	2	2	594,595
879	4096	2	2	595,596
880	4194304	2	2	596,598
881	4194304	2	2	597,598
882	12288	2	2	598,599
883	12288	2	2	599,600
884	12288	2	2	600,601
885	12288	2	5	601,602,607,615
886	12288	2	2	602,603
887	4	2	2	603,604
888	4	2	2	604,605
889	4	2	2	605,606
890	4	2	2	606,607
891	12288	2	2	607,608
892	12288	2	3	608,609,612
893	32768	2	3	609,610,611
894	32768	2	2	610,611
895	32768	2	2	611,613
896	32768	2	2	612,613
897	32768	2	2	613,614
898	12288	2	2	614,615
899	12288	2	5	615,616,621,655
900	12288	2	2	616,617
901	4	2	2	617,618
902	4	2	2	618,619
903	4	2	2	619,620
904	4	2	2	620,621
905	12288	2	2	621,622
906	12288	2	2	622,623
907	20480	2	2	623,624
908	20480	2	4	624,625,626,627
909	12288	2	2	625,628
910	4096	2	2	626,639
911	4096	2	2	627,651
912	12288	2	3	628,629,630
913	6144	2	3	629,631,635
914	6144	2	3	630,632,634
915	6144	2	2	631,633
916	6144	2	2	632,633
917	6144	2	2	633,637
918	6144	2	2	634,636
919	6144	2	2	635,636
920	6144	2	2	636,637
921	12288	2	2	637,638
922	12288	2	2	638,652
923	4096	2	3	639,640,641
924	2048	2	3	640,642,646
925	2048	2	3	641,643,645
926	2048	2	2	642,644
927	2048	2	2	643,644
928	2048	2	2	644,648
929	2048	2	2	645,647
930	2048	2	2	646,647
931	2048	2	2	647,648
932	4096	2	2	648,649
933	4096	2	2	649,650
934	4194304	2	2	650,652
935	4194304	2	2	651,652
936	12288	2	2	652,653
937	12288	2	2	653,654
938	12288	2	2	654,655
939	12288	2	5	655,656,661,669
940	12288	2	2	656,657
941	4	2	2	657,658
942	4	2	2	658,659
943	4	2	2	659,660
944	4	2	2	660,661
945	12288	2	2	661,662
946	12288	2	3	662,663,666
947	32768	2	3	663,664,665
948	32768	2	2	664,665
949	32768	2	2	665,667
950	32768	2	2	666,667
951	32768	2	2	667,668
952	12288	2	2	668,669
953	12288	2	5	669,670,675,709
954	12288	2	2	670,671
955	4	2	2	671,672
956	4	2	2	672,673
957	4	2	2	673,674
958	4	2	2	674,675
959	12288	2	2	675,676
960	12288	2	2	676,677
961	20480	2	2	677,678
962	20480	2	4	678,679,680,681
963	12288	2	2	679,682
964	4096	2	2	680,693
965	4096	2	2	681,705
966	12288	2	3	682,683,684
967	6144	2	3	683,685,689
968	6144	2	3	684,686,688
969	6144	2	2	685,687
970	6144	2	2	686,687
971	6144	2	2	687,691
972	6144	2	2	688,690
973	6144	2	2	689,690
974	6144	2	2	690,691
975	12288	2	2	691,692
976	12288	2	2	692,706
977	4096	2	3	693,694,695
978	2048	2	3	694,696,700
979	2048	2	3	695,697,699
980	2048	2	2	696,698
981	2048	2	2	697,698
982	2048	2	2	698,702
983	2048	2	2	699,701
984	2048	2	2	700,701
985	2048	2	2	701,702
986	4096	2	2	702,703
987	4096	2	2	703,704
988	4194304	2	2	704,706
989	4194304	2	2	705,706
990	12288	2	2	706,707
991	12288	2	2	707,708
992	12288	2	2	708,709
993	12288	2	5	709,710,715,723
994	12288	2	2	710,711
995	4	2	2	711,712
996	4	2	2	712,713
997	4	2	2	713,714
998	4	2	2	714,715
999	12288	2	2	715,716
1000	12288	2	3	716,717,720
1001	32768	2	3	717,718,719
1002	32768	2	2	718,719
1003	32768	2	2	719,721
1004	32768	2	2	720,721
1005	32768	2	2	721,722
1006	12288	2	2	722,723
1007	12288	2	5	723,724,729,763
1008	12288	2	2	724,725
1009	4	2	2	725,726
1010	4	2	2	726,727
1011	4	2	2	727,728
1012	4	2	2	728,729
1013	12288	2	2	729,730
1014	12288	2	2	730,731
1015	20480	2	2	731,732
1016	20480	2	4	732,733,734,735
1017	12288	2	2	733,736
1018	4096	2	2	734,747
1019	4096	2	2	735,759
1020	12288	2	3	736,737,738
1021	6144	2	3	737,739,743
1022	6144	2	3	738,740,742
1023	6144	2	2	739,741
1024	6144	2	2	740,741
1025	6144	2	2	741,745
1026	6144	2	2	742,744
1027	6144	2	2	743,744
1028	6144	2	2	744,745
1029	12288	2	2	745,746
1030	12288	2	2	746,760
1031	4096	2	3	747,748,749
1032	2048	2	3	748,750,754
1033	2048	2	3	749,751,753
1034	2048	2	2	750,752
1035	2048	2	2	751,752
1036	2048	2	2	752,756
1037	2048	2	2	753,755
1038	2048	2	2	754,755
1039	2048	2	2	755,756
1040	4096	2	2	756,757
1041	4096	2	2	757,758
1042	4194304	2	2	758,760
1043	4194304	2	2	759,760
1044	12288	2	2	760,761
1045	12288	2	2	761,762
1046	12288	2	2	762,763
1047	12288	2	5	763,764,769,777
1048	12288	2	2	764,765
1049	4	2	2	765,766
1050	4	2	2	766,767
1051	4	2	2	767,768
1052	4	2	2	768,769
1053	12288	2	2	769,770
1054	12288	2	3	770,771,774
1055	32768	2	3	771,772,773
1056	32768	2	2	772,773
1057	32768	2	2	773,775
1058	32768	2	2	774,775
1059	32768	2	2	775,776
1060	12288	2	2	776,777
1061	12288	2	5	777,778,783,817
1062	12288	2	2	778,779
1063	4	2	2	779,780
1064	4	2	2	780,781
1065	4	2	2	781,782
1066	4	2	2	782,783
1067	12288	2	2	783,784
1068	12288	2	2	784,785
1069	20480	2	2	785,786
1070	20480	2	4	786,787,788,789
1071	12288	2	2	787,790
1072	4096	2	2	788,801
1073	4096	2	2	789,813
1074	12288	2	3	790,791,792
1075	6144	2	3	791,793,797
1076	6144	2	3	792,794,796
1077	6144	2	2	793,795
1078	6144	2	2	794,795
1079	6144	2	2	795,799
1080	6144	2	2	796,798
1081	6144	2	2	797,798
1082	6144	2	2	798,799
1083	12288	2	2	799,800
1084	12288	2	2	800,814
1085	4096	2	3	801,802,803
1086	2048	2	3	802,804,808
1087	2048	2	3	803,805,807
1088	2048	2	2	804,806
1089	2048	2	2	805,806
1090	2048	2	2	806,810
1091	2048	2	2	807,809
1092	2048	2	2	808,809
1093	2048	2	2	809,810
1094	4096	2	2	810,811
1095	4096	2	2	811,812
1096	4194304	2	2	812,814
1097	4194304	2	2	813,814
1098	12288	2	2	814,815
1099	12288	2	2	815,816
1100	12288	2	2	816,817
1101	12288	2	5	817,818,823,831
1102	12288	2	2	818,819
1103	4	2	2	819,820
1104	4	2	2	820,821
1105	4	2	2	821,822
1106	4	2	2	822,823
1107	12288	2	2	823,824
1108	12288	2	3	824,825,828
1109	32768	2	3	825,826,827
1110	32768	2	2	826,827
1111	32768	2	2	827,829
1112	32768	2	2	828,829
1113	32768	2	2	829,830
1114	12288	2	2	830,831
1115	12288	2	5	831,832,837,871
1116	12288	2	2	832,833
1117	4	2	2	833,834
1118	4	2	2	834,835
1119	4	2	2	835,836
1120	4	2	2	836,837
1121	12288	2	2	837,838
1122	12288	2	2	838,839
1123	20480	2	2	839,840
1124	20480	2	4	840,841,842,843
1125	12288	2	2	841,844
1126	4096	2	2	842,855
1127	4096	2	2	843,867
1128	12288	2	3	844,845,846
1129	6144	2	3	845,847,851
1130	6144	2	3	846,848,850
1131	6144	2	2	847,849
1132	6144	2	2	848,849
1133	6144	2	2	849,853
1134	6144	2	2	850,852
1135	6144	2	2	851,852
1136	6144	2	2	852,853
1137	12288	2	2	853,854
1138	12288	2	2	854,868
1139	4096	2	3	855,856,857
1140	2048	2	3	856,858,862
1141	2048	2	3	857,859,861
1142	2048	2	2	858,860
1143	2048	2	2	859,860
1144	2048	2	2	860,864
1145	2048	2	2	861,863
1146	2048	2	2	862,863
1147	2048	2	2	863,864
1148	4096	2	2	864,865
1149	4096	2	2	865,866
1150	4194304	2	2	866,868
1151	4194304	2	2	867,868
1152	12288	2	2	868,869
1153	12288	2	2	869,870
1154	12288	2	2	870,871
1155	12288	2	5	871,872,877,885
1156	12288	2	2	872,873
1157	4	2	2	873,874
1158	4	2	2	874,875
1159	4	2	2	875,876
1160	4	2	2	876,877
1161	12288	2	2	877,878
1162	12288	2	3	878,879,882
1163	32768	2	3	879,880,881
1164	32768	2	2	880,881
1165	32768	2	2	881,883
1166	32768	2	2	882,883
1167	32768	2	2	883,884
1168	12288	2	2	884,885
1169	12288	2	5	885,886,891,925
1170	12288	2	2	886,887
1171	4	2	2	887,888
1172	4	2	2	888,889
1173	4	2	2	889,890
1174	4	2	2	890,891
1175	12288	2	2	891,892
1176	12288	2	2	892,893
1177	20480	2	2	893,894
1178	20480	2	4	894,895,896,897
1179	12288	2	2	895,898
1180	4096	2	2	896,909
1181	4096	2	2	897,921
1182	12288	2	3	898,899,900
1183	6144	2	3	899,901,905
1184	6144	2	3	900,902,904
1185	6144	2	2	901,903
1186	6144	2	2	902,903
1187	6144	2	2	903,907
1188	6144	2	2	904,906
1189	6144	2	2	905,906
1190	6144	2	2	906,907
1191	12288	2	2	907,908
1192	12288	2	2	908,922
1193	4096	2	3	909,910,911
1194	2048	2	3	910,912,916
1195	2048	2	3	911,913,915
1196	2048	2	2	912,914
1197	2048	2	2	913,914
1198	2048	2	2	914,918
1199	2048	2	2	915,917
1200	2048	2	2	916,917
1201	2048	2	2	917,918
1202	4096	2	2	918,919
1203	4096	2	2	919,920
1204	4194304	2	2	920,922
1205	4194304	2	2	921,922
1206	12288	2	2	922,923
1207	12288	2	2	923,924
1208	12288	2	2	924,925
1209	12288	2	5	925,926,931,939
1210	12288	2	2	926,927
1211	4	2	2	927,928
1212	4	2	2	928,929
1213	4	2	2	929,930
1214	4	2	2	930,931
1215	12288	2	2	931,932
1216	12288	2	3	932,933,936
1217	32768	2	3	933,934,935
1218	32768	2	2	934,935
1219	32768	2	2	935,937
1220	32768	2	2	936,937
1221	32768	2	2	937,938
1222	12288	2	2	938,939
1223	12288	2	5	939,940,945,979
1224	12288	2	2	940,941
1225	4	2	2	941,942
1226	4	2	2	942,943
1227	4	2	2	943,944
1228	4	2	2	944,945
1229	12288	2	2	945,946
1230	12288	2	2	946,947
1231	20480	2	2	947,948
1232	20480	2	4	948,949,950,951
1233	12288	2	2	949,952
1234	4096	2	2	950,963
1235	4096	2	2	951,975
1236	12288	2	3	952,953,954
1237	6144	2	3	953,955,959
1238	6144	2	3	954,956,958
1239	6144	2	2	955,957
1240	6144	2	2	956,957
1241	6144	2	2	957,961
1242	6144	2	2	958,960
1243	6144	2	2	959,960
1244	6144	2	2	960,961
1245	12288	2	2	961,962
1246	12288	2	2	962,976
1247	4096	2	3	963,964,965
1248	2048	2	3	964,966,970
1249	2048	2	3	965,967,969
1250	2048	2	2	966,968
1251	2048	2	2	967,968
1252	2048	2	2	968,972
1253	2048	2	2	969,971
1254	2048	2	2	970,971
1255	2048	2	2	971,972
1256	4096	2	2	972,973
1257	4096	2	2	973,974
1258	4194304	2	2	974,976
1259	4194304	2	2	975,976
1260	12288	2	2	976,977
1261	12288	2	2	977,978
1262	12288	2	2	978,979
1263	12288	2	5	979,980,985,993
1264	12288	2	2	980,981
1265	4	2	2	981,982
1266	4	2	2	982,983
1267	4	2	2	983,984
1268	4	2	2	984,985
1269	12288	2	2	985,986
1270	12288	2	3	986,987,990
1271	32768	2	3	987,988,989
1272	32768	2	2	988,989
1273	32768	2	2	989,991
1274	32768	2	2	990,991
1275	32768	2	2	991,992
1276	12288	2	2	992,993
1277	12288	2	5	993,994,999,1033
1278	12288	2	2	994,995
1279	4	2	2	995,996
1280	4	2	2	996,997
1281	4	2	2	997,998
1282	4	2	2	998,999
1283	12288	2	2	999,1000
1284	12288	2	2	1000,1001
1285	20480	2	2	1001,1002
1286	20480	2	4	1002,1003,1004,1005
1287	12288	2	2	1003,1006
1288	4096	2	2	1004,1017
1289	4096	2	2	1005,1029
1290	12288	2	3	1006,1007,1008
1291	6144	2	3	1007,1009,1013
1292	6144	2	3	1008,1010,1012
1293	6144	2	2	1009,1011
1294	6144	2	2	1010,1011
1295	6144	2	2	1011,1015
1296	6144	2	2	1012,1014
1297	6144	2	2	1013,1014
1298	6144	2	2	1014,1015
1299	12288	2	2	1015,1016
1300	12288	2	2	1016,1030
1301	4096	2	3	1017,1018,1019
1302	2048	2	3	1018,1020,1024
1303	2048	2	3	1019,1021,1023
1304	2048	2	2	1020,1022
1305	2048	2	2	1021,1022
1306	2048	2	2	1022,1026
1307	2048	2	2	1023,1025
1308	2048	2	2	1024,1025
1309	2048	2	2	1025,1026
1310	4096	2	2	1026,1027
1311	4096	2	2	1027,1028
1312	4194304	2	2	1028,1030
1313	4194304	2	2	1029,1030
1314	12288	2	2	1030,1031
1315	12288	2	2	1031,1032
1316	12288	2	2	1032,1033
1317	12288	2	5	1033,1034,1039,1047
1318	12288	2	2	1034,1035
1319	4	2	2	1035,1036
1320	4	2	2	1036,1037
1321	4	2	2	1037,1038
1322	4	2	2	1038,1039
1323	12288	2	2	1039,1040
1324	12288	2	3	1040,1041,1044
1325	32768	2	3	1041,1042,1043
1326	32768	2	2	1042,1043
1327	32768	2	2	1043,1045
1328	32768	2	2	1044,1045
1329	32768	2	2	1045,1046
1330	12288	2	2	1046,1047
1331	12288	2	5	1047,1048,1053,1087
1332	12288	2	2	1048,1049
1333	4	2	2	1049,1050
1334	4	2	2	1050,1051
1335	4	2	2	1051,1052
1336	4	2	2	1052,1053
1337	12288	2	2	1053,1054
1338	12288	2	2	1054,1055
1339	20480	2	2	1055,1056
1340	20480	2	4	1056,1057,1058,1059
1341	12288	2	2	1057,1060
1342	4096	2	2	1058,1071
1343	4096	2	2	1059,1083
1344	12288	2	3	1060,1061,1062
1345	6144	2	3	1061,1063,1067
1346	6144	2	3	1062,1064,1066
1347	6144	2	2	1063,1065
1348	6144	2	2	1064,1065
1349	6144	2	2	1065,1069
1350	6144	2	2	1066,1068
1351	6144	2	2	1067,1068
1352	6144	2	2	1068,1069
1353	12288	2	2	1069,1070
1354	12288	2	2	1070,1084
1355	4096	2	3	1071,1072,1073
1356	2048	2	3	1072,1074,1078
1357	2048	2	3	1073,1075,1077
1358	2048	2	2	1074,1076
1359	2048	2	2	1075,1076
1360	2048	2	2	1076,1080
1361	2048	2	2	1077,1079
1362	2048	2	2	1078,1079
1363	2048	2	2	1079,1080
1364	4096	2	2	1080,1081
1365	4096	2	2	1081,1082
1366	4194304	2	2	1082,1084
1367	4194304	2	2	1083,1084
1368	12288	2	2	1084,1085
1369	12288	2	2	1085,1086
1370	12288	2	2	1086,1087
1371	12288	2	5	1087,1088,1093,1101
1372	12288	2	2	1088,1089
1373	4	2	2	1089,1090
1374	4	2	2	1090,1091
1375	4	2	2	1091,1092
1376	4	2	2	1092,1093
1377	12288	2	2	1093,1094
1378	12288	2	3	1094,1095,1098
1379	32768	2	3	1095,1096,1097
1380	32768	2	2	1096,1097
1381	32768	2	2	1097,1099
1382	32768	2	2	1098,1099
1383	32768	2	2	1099,1100
1384	12288	2	2	1100,1101
1385	12288	2	5	1101,1102,1107,1141
1386	12288	2	2	1102,1103
1387	4	2	2	1103,1104
1388	4	2	2	1104,1105
1389	4	2	2	1105,1106
1390	4	2	2	1106,1107
1391	12288	2	2	1107,1108
1392	12288	2	2	1108,1109
1393	20480	2	2	1109,1110
1394	20480	2	4	1110,1111,1112,1113
1395	12288	2	2	1111,1114
1396	4096	2	2	1112,1125
1397	4096	2	2	1113,1137
1398	12288	2	3	1114,1115,1116
1399	6144	2	3	1115,1117,1121
1400	6144	2	3	1116,1118,1120
1401	6144	2	2	1117,1119
1402	6144	2	2	1118,1119
1403	6144	2	2	1119,1123
1404	6144	2	2	1120,1122
1405	6144	2	2	1121,1122
1406	6144	2	2	1122,1123
1407	12288	2	2	1123,1124
1408	12288	2	2	1124,1138
1409	4096	2	3	1125,1126,1127
1410	2048	2	3	1126,1128,1132
1411	2048	2	3	1127,1129,1131
1412	2048	2	2	1128,1130
1413	2048	2	2	1129,1130
1414	2048	2	2	1130,1134
1415	2048	2	2	1131,1133
1416	2048	2	2	1132,1133
1417	2048	2	2	1133,1134
1418	4096	2	2	1134,1135
1419	4096	2	2	1135,1136
1420	4194304	2	2	1136,1138
1421	4194304	2	2	1137,1138
1422	12288	2	2	1138,1139
1423	12288	2	2	1139,1140
1424	12288	2	2	1140,1141
1425	12288	2	5	1141,1142,1147,1155
1426	12288	2	2	1142,1143
1427	4	2	2	1143,1144
1428	4	2	2	1144,1145
1429	4	2	2	1145,1146
1430	4	2	2	1146,1147
1431	12288	2	2	1147,1148
1432	12288	2	3	1148,1149,1152
1433	32768	2	3	1149,1150,1151
1434	32768	2	2	1150,1151
1435	32768	2	2	1151,1153
1436	32768	2	2	1152,1153
1437	32768	2	2	1153,1154
1438	12288	2	2	1154,1155
1439	12288	2	5	1155,1156,1161,1195
1440	12288	2	2	1156,1157
1441	4	2	2	1157,1158
1442	4	2	2	1158,1159
1443	4	2	2	1159,1160
1444	4	2	2	1160,1161
1445	12288	2	2	1161,1162
1446	12288	2	2	1162,1163
1447	20480	2	2	1163,1164
1448	20480	2	4	1164,1165,1166,1167
1449	12288	2	2	1165,1168
1450	4096	2	2	1166,1179
1451	4096	2	2	1167,1191
1452	12288	2	3	1168,1169,1170
1453	6144	2	3	1169,1171,1175
1454	6144	2	3	1170,1172,1174
1455	6144	2	2	1171,1173
1456	6144	2	2	1172,1173
1457	6144	2	2	1173,1177
1458	6144	2	2	1174,1176
1459	6144	2	2	1175,1176
1460	6144	2	2	1176,1177
1461	12288	2	2	1177,1178
1462	12288	2	2	1178,1192
1463	4096	2	3	1179,1180,1181
1464	2048	2	3	1180,1182,1186
1465	2048	2	3	1181,1183,1185
1466	2048	2	2	1182,1184
1467	2048	2	2	1183,1184
1468	2048	2	2	1184,1188
1469	2048	2	2	1185,1187
1470	2048	2	2	1186,1187
1471	2048	2	2	1187,1188
1472	4096	2	2	1188,1189
1473	4096	2	2	1189,1190
1474	4194304	2	2	1190,1192
1475	4194304	2	2	1191,1192
1476	12288	2	2	1192,1193
1477	12288	2	2	1193,1194
1478	12288	2	2	1194,1195
1479	12288	2	5	1195,1196,1201,1209
1480	12288	2	2	1196,1197
1481	4	2	2	1197,1198
1482	4	2	2	1198,1199
1483	4	2	2	1199,1200
1484	4	2	2	1200,1201
1485	12288	2	2	1201,1202
1486	12288	2	3	1202,1203,1206
1487	32768	2	3	1203,1204,1205
1488	32768	2	2	1204,1205
1489	32768	2	2	1205,1207
1490	32768	2	2	1206,1207
1491	32768	2	2	1207,1208
1492	12288	2	2	1208,1209
1493	12288	2	5	1209,1210,1215,1249
1494	12288	2	2	1210,1211
1495	4	2	2	1211,1212
1496	4	2	2	1212,1213
1497	4	2	2	1213,1214
1498	4	2	2	1214,1215
1499	12288	2	2	1215,1216
1500	12288	2	2	1216,1217
1501	20480	2	2	1217,1218
1502	20480	2	4	1218,1219,1220,1221
1503	12288	2	2	1219,1222
1504	4096	2	2	1220,1233
1505	4096	2	2	1221,1245
1506	12288	2	3	1222,1223,1224
1507	6144	2	3	1223,1225,1229
1508	6144	2	3	1224,1226,1228
1509	6144	2	2	1225,1227
1510	6144	2	2	1226,1227
1511	6144	2	2	1227,1231
1512	6144	2	2	1228,1230
1513	6144	2	2	1229,1230
1514	6144	2	2	1230,1231
1515	12288	2	2	1231,1232
1516	12288	2	2	1232,1246
1517	4096	2	3	1233,1234,1235
1518	2048	2	3	1234,1236,1240
1519	2048	2	3	1235,1237,1239
1520	2048	2	2	1236,1238
1521	2048	2	2	1237,1238
1522	2048	2	2	1238,1242
1523	2048	2	2	1239,1241
1524	2048	2	2	1240,1241
1525	2048	2	2	1241,1242
1526	4096	2	2	1242,1243
1527	4096	2	2	1243,1244
1528	4194304	2	2	1244,1246
1529	4194304	2	2	1245,1246
1530	12288	2	2	1246,1247
1531	12288	2	2	1247,1248
1532	12288	2	2	1248,1249
1533	12288	2	5	1249,1250,1255,1263
1534	12288	2	2	1250,1251
1535	4	2	2	1251,1252
1536	4	2	2	1252,1253
1537	4	2	2	1253,1254
1538	4	2	2	1254,1255
1539	12288	2	2	1255,1256
1540	12288	2	3	1256,1257,1260
1541	32768	2	3	1257,1258,1259
1542	32768	2	2	1258,1259
1543	32768	2	2	1259,1261
1544	32768	2	2	1260,1261
1545	32768	2	2	1261,1262
1546	12288	2	2	1262,1263
1547	12288	2	5	1263,1264,1269,1303
1548	12288	2	2	1264,1265
1549	4	2	2	1265,1266
1550	4	2	2	1266,1267
1551	4	2	2	1267,1268
1552	4	2	2	1268,1269
1553	12288	2	2	1269,1270
1554	12288	2	2	1270,1271
1555	20480	2	2	1271,1272
1556	20480	2	4	1272,1273,1274,1275
1557	12288	2	2	1273,1276
1558	4096	2	2	1274,1287
1559	4096	2	2	1275,1299
1560	12288	2	3	1276,1277,1278
1561	6144	2	3	1277,1279,1283
1562	6144	2	3	1278,1280,1282
1563	6144	2	2	1279,1281
1564	6144	2	2	1280,1281
1565	6144	2	2	1281,1285
1566	6144	2	2	1282,1284
1567	6144	2	2	1283,1284
1568	6144	2	2	1284,1285
1569	12288	2	2	1285,1286
1570	12288	2	2	1286,1300
1571	4096	2	3	1287,1288,1289
1572	2048	2	3	1288,1290,1294
1573	2048	2	3	1289,1291,1293
1574	2048	2	2	1290,1292
1575	2048	2	2	1291,1292
1576	2048	2	2	1292,1296
1577	2048	2	2	1293,1295
1578	2048	2	2	1294,1295
1579	2048	2	2	1295,1296
1580	4096	2	2	1296,1297
1581	4096	2	2	1297,1298
1582	4194304	2	2	1298,1300
1583	4194304	2	2	1299,1300
1584	12288	2	2	1300,1301
1585	12288	2	2	1301,1302
1586	12288	2	2	1302,1303
1587	12288	2	5	1303,1304,1309,1317
1588	12288	2	2	1304,1305
1589	4	2	2	1305,1306
1590	4	2	2	1306,1307
1591	4	2	2	1307,1308
1592	4	2	2	1308,1309
1593	12288	2	2	1309,1310
1594	12288	2	3	1310,1311,1314
1595	32768	2	3	1311,1312,1313
1596	32768	2	2	1312,1313
1597	32768	2	2	1313,1315
1598	32768	2	2	1314,1315
1599	32768	2	2	1315,1316
1600	12288	2	2	1316,1317
1601	12288	2	5	1317,1318,1323,1357
1602	12288	2	2	1318,1319
1603	4	2	2	1319,1320
1604	4	2	2	1320,1321
1605	4	2	2	1321,1322
1606	4	2	2	1322,1323
1607	12288	2	2	1323,1324
1608	12288	2	2	1324,1325
1609	20480	2	2	1325,1326
1610	20480	2	4	1326,1327,1328,1329
1611	12288	2	2	1327,1330
1612	4096	2	2	1328,1341
1613	4096	2	2	1329,1353
1614	12288	2	3	1330,1331,1332
1615	6144	2	3	1331,1333,1337
1616	6144	2	3	1332,1334,1336
1617	6144	2	2	1333,1335
1618	6144	2	2	1334,1335
1619	6144	2	2	1335,1339
1620	6144	2	2	1336,1338
1621	6144	2	2	1337,1338
1622	6144	2	2	1338,1339
1623	12288	2	2	1339,1340
1624	12288	2	2	1340,1354
1625	4096	2	3	1341,1342,1343
1626	2048	2	3	1342,1344,1348
1627	2048	2	3	1343,1345,1347
1628	2048	2	2	1344,1346
1629	2048	2	2	1345,1346
1630	2048	2	2	1346,1350
1631	2048	2	2	1347,1349
1632	2048	2	2	1348,1349
1633	2048	2	2	1349,1350
1634	4096	2	2	1350,1351
1635	4096	2	2	1351,1352
1636	4194304	2	2	1352,1354
1637	4194304	2	2	1353,1354
1638	12288	2	2	1354,1355
1639	12288	2	2	1355,1356
1640	12288	2	2	1356,1357
1641	12288	2	5	1357,1358,1363,1371
1642	12288	2	2	1358,1359
1643	4	2	2	1359,1360
1644	4	2	2	1360,1361
1645	4	2	2	1361,1362
1646	4	2	2	1362,1363
1647	12288	2	2	1363,1364
1648	12288	2	3	1364,1365,1368
1649	32768	2	3	1365,1366,1367
1650	32768	2	2	1366,1367
1651	32768	2	2	1367,1369
1652	32768	2	2	1368,1369
1653	32768	2	2	1369,1370
1654	12288	2	2	1370,1371
1655	12288	2	5	1371,1372,1377,1411
1656	12288	2	2	1372,1373
1657	4	2	2	1373,1374
1658	4	2	2	1374,1375
1659	4	2	2	1375,1376
1660	4	2	2	1376,1377
1661	12288	2	2	1377,1378
1662	12288	2	2	1378,1379
1663	20480	2	2	1379,1380
1664	20480	2	4	1380,1381,1382,1383
1665	12288	2	2	1381,1384
1666	4096	2	2	1382,1395
1667	4096	2	2	1383,1407
1668	12288	2	3	1384,1385,1386
1669	6144	2	3	1385,1387,1391
1670	6144	2	3	1386,1388,1390
1671	6144	2	2	1387,1389
1672	6144	2	2	1388,1389
1673	6144	2	2	1389,1393
1674	6144	2	2	1390,1392
1675	6144	2	2	1391,1392
1676	6144	2	2	1392,1393
1677	12288	2	2	1393,1394
1678	12288	2	2	1394,1408
1679	4096	2	3	1395,1396,1397
1680	2048	2	3	1396,1398,1402
1681	2048	2	3	1397,1399,1401
1682	2048	2	2	1398,1400
1683	2048	2	2	1399,1400
1684	2048	2	2	1400,1404
1685	2048	2	2	1401,1403
1686	2048	2	2	1402,1403
1687	2048	2	2	1403,1404
1688	4096	2	2	1404,1405
1689	4096	2	2	1405,1406
1690	4194304	2	2	1406,1408
1691	4194304	2	2	1407,1408
1692	12288	2	2	1408,1409
1693	12288	2	2	1409,1410
1694	12288	2	2	1410,1411
1695	12288	2	5	1411,1412,1417,1425
1696	12288	2	2	1412,1413
1697	4	2	2	1413,1414
1698	4	2	2	1414,1415
1699	4	2	2	1415,1416
1700	4	2	2	1416,1417
1701	12288	2	2	1417,1418
1702	12288	2	3	1418,1419,1422
1703	32768	2	3	1419,1420,1421
1704	32768	2	2	1420,1421
1705	32768	2	2	1421,1423
1706	32768	2	2	1422,1423
1707	32768	2	2	1423,1424
1708	12288	2	2	1424,1425
1709	12288	2	5	1425,1426,1431,1465
1710	12288	2	2	1426,1427
1711	4	2	2	1427,1428
1712	4	2	2	1428,1429
1713	4	2	2	1429,1430
1714	4	2	2	1430,1431
1715	12288	2	2	1431,1432
1716	12288	2	2	1432,1433
1717	20480	2	2	1433,1434
1718	20480	2	4	1434,1435,1436,1437
1719	12288	2	2	1435,1438
1720	4096	2	2	1436,1449
1721	4096	2	2	1437,1461
1722	12288	2	3	1438,1439,1440
1723	6144	2	3	1439,1441,1445
1724	6144	2	3	1440,1442,1444
1725	6144	2	2	1441,1443
1726	6144	2	2	1442,1443
1727	6144	2	2	1443,1447
1728	6144	2	2	1444,1446
1729	6144	2	2	1445,1446
1730	6144	2	2	1446,1447
1731	12288	2	2	1447,1448
1732	12288	2	2	1448,1462
1733	4096	2	3	1449,1450,1451
1734	2048	2	3	1450,1452,1456
1735	2048	2	3	1451,1453,1455
1736	2048	2	2	1452,1454
1737	2048	2	2	1453,1454
1738	2048	2	2	1454,1458
1739	2048	2	2	1455,1457
1740	2048	2	2	1456,1457
1741	2048	2	2	1457,1458
1742	4096	2	2	1458,1459
1743	4096	2	2	1459,1460
1744	4194304	2	2	1460,1462
1745	4194304	2	2	1461,1462
1746	12288	2	2	1462,1463
1747	12288	2	2	1463,1464
1748	12288	2	2	1464,1465
1749	12288	2	5	1465,1466,1471,1479
1750	12288	2	2	1466,1467
1751	4	2	2	1467,1468
1752	4	2	2	1468,1469
1753	4	2	2	1469,1470
1754	4	2	2	1470,1471
1755	12288	2	2	1471,1472
1756	12288	2	3	1472,1473,1476
1757	32768	2	3	1473,1474,1475
1758	32768	2	2	1474,1475
1759	32768	2	2	1475,1477
1760	32768	2	2	1476,1477
1761	32768	2	2	1477,1478
1762	12288	2	2	1478,1479
1763	12288	2	5	1479,1480,1485,1519
1764	12288	2	2	1480,1481
1765	4	2	2	1481,1482
1766	4	2	2	1482,1483
1767	4	2	2	1483,1484
1768	4	2	2	1484,1485
1769	12288	2	2	1485,1486
1770	12288	2	2	1486,1487
1771	20480	2	2	1487,1488
1772	20480	2	4	1488,1489,1490,1491
1773	12288	2	2	1489,1492
1774	4096	2	2	1490,1503
1775	4096	2	2	1491,1515
1776	12288	2	3	1492,1493,1494
1777	6144	2	3	1493,1495,1499
1778	6144	2	3	1494,1496,1498
1779	6144	2	2	1495,1497
1780	6144	2	2	1496,1497
1781	6144	2	2	1497,1501
1782	6144	2	2	1498,1500
1783	6144	2	2	1499,1500
1784	6144	2	2	1500,1501
1785	12288	2	2	1501,1502
1786	12288	2	2	1502,1516
1787	4096	2	3	1503,1504,1505
1788	2048	2	3	1504,1506,1510
1789	2048	2	3	1505,1507,1509
1790	2048	2	2	1506,1508
1791	2048	2	2	1507,1508
1792	2048	2	2	1508,1512
1793	2048	2	2	1509,1511
1794	2048	2	2	1510,1511
1795	2048	2	2	1511,1512
1796	4096	2	2	1512,1513
1797	4096	2	2	1513,1514
1798	4194304	2	2	1514,1516
1799	4194304	2	2	1515,1516
1800	12288	2	2	1516,1517
1801	12288	2	2	1517,1518
1802	12288	2	2	1518,1519
1803	12288	2	5	1519,1520,1525,1533
1804	12288	2	2	1520,1521
1805	4	2	2	1521,1522
1806	4	2	2	1522,1523
1807	4	2	2	1523,1524
1808	4	2	2	1524,1525
1809	12288	2	2	1525,1526
1810	12288	2	3	1526,1527,1530
1811	32768	2	3	1527,1528,1529
1812	32768	2	2	1528,1529
1813	32768	2	2	1529,1531
1814	32768	2	2	1530,1531
1815	32768	2	2	1531,1532
1816	12288	2	2	1532,1533
1817	12288	2	4	1533,1534,1539
1818	12288	2	2	1534,1535
1819	4	2	2	1535,1536
1820	4	2	2	1536,1537
1821	4	2	2	1537,1538
1822	4	2	2	1538,1539
1823	12288	2	2	1539,1540
1824	12288	2	2	1540,1541
1825	513024	2	1	1541
1826	0	0	0	unused
1827	0	0	0	unused
1828	0	0	0	unused
1829	0	0	0	unused
1830	0	0	0	unused
1831	0	0	0	unused
1832	0	0	0	unused
1833	0	0	0	unused
1834	0	0	0	unused
1835	0	0	0	unused
1836	0	0	0	unused
1837	0	0	0	unused
1838	0	0	0	unused
1839	0	0	0	unused
1840	0	0	0	unused
1841	0	0	0	unused
1842	0	0	0	unused
1843	0	0	0	unused
1844	0	0	0	unused
1845	0	0	0	unused
1846	0	0	0	unused
1847	0	0	0	unused
1848	0	0	0	unused
1849	0	0	0	unused
1850	0	0	0	unused
1851	0	0	0	unused
1852	0	0	0	unused
1853	0	0	0	unused
1854	0	0	0	unused
1855	0	0	0	unused
1856	0	0	0	unused
1857	0	0	0	unused
1858	0	0	0	unused
1859	0	0	0	unused
1860	0	0	0	unused
1861	0	0	0	unused
1862	0	0	0	unused
1863	0	0	0	unused
1864	0	0	0	unused
1865	0	0	0	unused
1866	0	0	0	unused
1867	0	0	0	unused
1868	0	0	0	unused
1869	0	0	0	unused
1870	0	0	0	unused
1871	0	0	0	unused
1872	0	0	0	unused
1873	0	0	0	unused
1874	0	0	0	unused
1875	0	0	0	unused
1876	0	0	0	unused
1877	0	0	0	unused
1878	0	0	0	unused
1879	0	0	0	unused
1880	0	0	0	unused
1881	0	0	0	unused
1882	0	0	0	unused
1883	0	0	0	unused
1884	0	0	0	unused
1885	0	0	0	unused
1886	0	0	0	unused
1887	0	0	0	unused
1888	0	0	0	unused
1889	0	0	0	unused
1890	0	0	0	unused
1891	0	0	0	unused
1892	0	0	0	unused
1893	0	0	0	unused
1894	0	0	0	unused
1895	0	0	0	unused
1896	0	0	0	unused
1897	0	0	0	unused
1898	0	0	0	unused
1899	0	0	0	unused
1900	0	0	0	unused
1901	0	0	0	unused
1902	0	0	0	unused
1903	0	0	0	unused
1904	0	0	0	unused
1905	0	0	0	unused
1906	0	0	0	unused
1907	0	0	0	unused
1908	0	0	0	unused
1909	0	0	0	unused
1910	0	0	0	unused
1911	0	0	0	unused
1912	0	0	0	unused
1913	0	0	0	unused
1914	0	0	0	unused
1915	0	0	0	unused
1916	0	0	0	unused
1917	0	0	0	unused
1918	0	0	0	unused
1919	0	0	0	unused
1920	0	0	0	unused
1921	0	0	0	unused
1922	0	0	0	unused
1923	0	0	0	unused
1924	0	0	0	unused
1925	0	0	0	unused
1926	0	0	0	unused
1927	0	0	0	unused
1928	0	0	0	unused
1929	0	0	0	unused
1930	0	0	0	unused
1931	0	0	0	unused
1932	0	0	0	unused
1933	0	0	0	unused
1934	0	0	0	unused
1935	0	0	0	unused
1936	0	0	0	unused
1937	0	0	0	unused
1938	0	0	0	unused
1939	0	0	0	unused
1940	0	0	0	unused
1941	0	0	0	unused
1942	0	0	0	unused
1943	0	0	0	unused
1944	0	0	0	unused
1945	0	0	0	unused
1946	0	0	0	unused
1947	0	0	0	unused
1948	0	0	0	unused
1949	0	0	0	unused
1950	0	0	0	unused
1951	0	0	0	unused
1952	0	0	0	unused
1953	0	0	0	unused
1954	0	0	0	unused
1955	0	0	0	unused
1956	0	0	0	unused
1957	0	0	0	unused
1958	0	0	0	unused
1959	0	0	0	unused
1960	0	0	0	unused
1961	0	0	0	unused
1962	0	0	0	unused
1963	0	0	0	unused
1964	0	0	0	unused
1965	0	0	0	unused
1966	0	0	0	unused
1967	0	0	0	unused
1968	0	0	0	unused
1969	0	0	0	unused
1970	0	0	0	unused
1971	0	0	0	unused
1972	0	0	0	unused
1973	0	0	0	unused
1974	0	0	0	unused
1975	0	0	0	unused
1976	0	0	0	unused
1977	0	0	0	unused
1978	0	0	0	unused
1979	0	0	0	unused
1980	0	0	0	unused
1981	0	0	0	unused
1982	0	0	0	unused
1983	0	0	0	unused
1984	0	0	0	unused
1985	0	0	0	unused
1986	0	0	0	unused
1987	0	0	0	unused
1988	0	0	0	unused
1989	0	0	0	unused
1990	0	0	0	unused
1991	0	0	0	unused
1992	0	0	0	unused
1993	0	0	0	unused
1994	0	0	0	unused
1995	0	0	0	unused
1996	0	0	0	unused
1997	0	0	0	unused
1998	0	0	0	unused
1999	0	0	0	unused
2000	0	0	0	unused
2001	0	0	0	unused
2002	0	0	0	unused
2003	0	0	0	unused
2004	0	0	0	unused
2005	0	0	0	unused
2006	0	0	0	unused
2007	0	0	0	unused
2008	0	0	0	unused
2009	0	0	0	unused
2010	0	0	0	unused
2011	0	0	0	unused
2012	0	0	0	unused
2013	0	0	0	unused
2014	0	0	0	unused
2015	0	0	0	unused
2016	0	0	0	unused
2017	0	0	0	unused
2018	0	0	0	unused
2019	0	0	0	unused
2020	0	0	0	unused
2021	0	0	0	unused
2022	0	0	0	unused
2023	0	0	0	unused
2024	0	0	0	unused
2025	0	0	0	unused
2026	0	0	0	unused
2027	0	0	0	unused
2028	0	0	0	unused
2029	0	0	0	unused
2030	0	0	0	unused
2031	0	0	0	unused
2032	0	0	0	unused
2033	0	0	0	unused
2034	0	0	0	unused
2035	0	0	0	unused
2036	0	0	0	unused
2037	0	0	0	unused
2038	0	0	0	unused
2039	0	0	0	unused
2040	0	0	0	unused
2041	0	0	0	unused
2042	0	0	0	unused
2043	0	0	0	unused
2044	0	0	0	unused
2045	0	0	0	unused
2046	0	0	0	unused
2047	0	0	0	unused
2048	0	0	0	unused
2049	0	0	0	unused
2050	0	0	0	unused
2051	0	0	0	unused
2052	0	0	0	unused
2053	0	0	0	unused
2054	0	0	0	unused
2055	0	0	0	unused
2056	0	0	0	unused
2057	0	0	0	unused
2058	0	0	0	unused
2059	0	0	0	unused
2060	0	0	0	unused
2061	0	0	0	unused
2062	0	0	0	unused
2063	0	0	0	unused
2064	0	0	0	unused
2065	0	0	0	unused
2066	0	0	0	unused
2067	0	0	0	unused
2068	0	0	0	unused
2069	0	0	0	unused
2070	0	0	0	unused
2071	0	0	0	unused
2072	0	0	0	unused
2073	0	0	0	unused
2074	0	0	0	unused
2075	0	0	0	unused
2076	0	0	0	unused
2077	0	0	0	unused
2078	0	0	0	unused
2079	0	0	0	unused
2080	0	0	0	unused
2081	0	0	0	unused
2082	0	0	0	unused
2083	0	0	0	unused
2084	0	0	0	unused
2085	0	0	0	unused
2086	0	0	0	unused
2087	0	0	0	unused
2088	0	0	0	unused
2089	0	0	0	unused
2090	0	0	0	unused
2091	0	0	0	unused
2092	0	0	0	unused
2093	0	0	0	unused
2094	0	0	0	unused
2095	0	0	0	unused
2096	0	0	0	unused
2097	0	0	0	unused
2098	0	0	0	unused
2099	0	0	0	unused
2100	0	0	0	unused
2101	0	0	0	unused
2102	0	0	0	unused
2103	0	0	0	unused
2104	0	0	0	unused
2105	0	0	0	unused
2106	0	0	0	unused
2107	0	0	0	unused
2108	0	0	0	unused
2109	0	0	0	unused
2110	0	0	0	unused
2111	0	0	0	unused
2112	0	0	0	unused
2113	0	0	0	unused
2114	0	0	0	unused
2115	0	0	0	unused
2116	0	0	0	unused
2117	0	0	0	unused
2118	0	0	0	unused
2119	0	0	0	unused
2120	0	0	0	unused
2121	0	0	0	unused
2122	0	0	0	unused
2123	0	0	0	unused
2124	0	0	0	unused
2125	0	0	0	unused
2126	0	0	0	unused
2127	0	0	0	unused
2128	0	0	0	unused
2129	0	0	0	unused
2130	0	0	0	unused
2131	0	0	0	unused
2132	0	0	0	unused
2133	0	0	0	unused
2134	0	0	0	unused
2135	0	0	0	unused
2136	0	0	0	unused
2137	0	0	0	unused
2138	0	0	0	unused
2139	0	0	0	unused
2140	0	0	0	unused
2141	0	0	0	unused
2142	0	0	0	unused
2143	0	0	0	unused
2144	0	0	0	unused
2145	0	0	0	unused
2146	0	0	0	unused
2147	0	0	0	unused
2148	0	0	0	unused
2149	0	0	0	unused
2150	0	0	0	unused
2151	0	0	0	unused
2152	0	0	0	unused
2153	0	0	0	unused
2154	0	0	0	unused
2155	0	0	0	unused
2156	0	0	0	unused
2157	0	0	0	unused
2158	0	0	0	unused
2159	0	0	0	unused
2160	0	0	0	unused
2161	0	0	0	unused
2162	0	0	0	unused
2163	0	0	0	unused
2164	0	0	0	unused
2165	0	0	0	unused
2166	0	0	0	unused
2167	0	0	0	unused
2168	0	0	0	unused
2169	0	0	0	unused
2170	0	0	0	unused
2171	0	0	0	unused
2172	0	0	0	unused
2173	0	0	0	unused
2174	0	0	0	unused
2175	0	0	0	unused
2176	0	0	0	unused
2177	0	0	0	unused
2178	0	0	0	unused
2179	0	0	0	unused
2180	0	0	0	unused
2181	0	0	0	unused
2182	0	0	0	unused
2183	0	0	0	unused
2184	0	0	0	unused
2185	0	0	0	unused
2186	0	0	0	unused
2187	0	0	0	unused
2188	0	0	0	unused
2189	0	0	0	unused
2190	0	0	0	unused
2191	0	0	0	unused
2192	0	0	0	unused
2193	0	0	0	unused
2194	0	0	0	unused
2195	0	0	0	unused
2196	0	0	0	unused
2197	0	0	0	unused
2198	0	0	0	unused
2199	0	0	0	unused
2200	0	0	0	unused
2201	0	0	0	unused
2202	0	0	0	unused
2203	0	0	0	unused
2204	0	0	0	unused
2205	0	0	0	unused
2206	0	0	0	unused
2207	0	0	0	unused
2208	0	0	0	unused
2209	0	0	0	unused
2210	0	0	0	unused
2211	0	0	0	unused
2212	0	0	0	unused
2213	0	0	0	unused
2214	0	0	0	unused
2215	0	0	0	unused
2216	0	0	0	unused
2217	0	0	0	unused
2218	0	0	0	unused
2219	0	0	0	unused
2220	0	0	0	unused
2221	0	0	0	unused
2222	0	0	0	unused
2223	0	0	0	unused
2224	0	0	0	unused
2225	0	0	0	unused
2226	0	0	0	unused
2227	0	0	0	unused
2228	0	0	0	unused
2229	0	0	0	unused
2230	0	0	0	unused
2231	0	0	0	unused
2232	0	0	0	unused
2233	0	0	0	unused
2234	0	0	0	unused
2235	0	0	0	unused
2236	0	0	0	unused
2237	0	0	0	unused
2238	0	0	0	unused
2239	0	0	0	unused
2240	0	0	0	unused
2241	0	0	0	unused
2242	0	0	0	unused
2243	0	0	0	unused
2244	0	0	0	unused
2245	0	0	0	unused
2246	0	0	0	unused
2247	0	0	0	unused
2248	0	0	0	unused
2249	0	0	0	unused
2250	0	0	0	unused
2251	0	0	0	unused
2252	0	0	0	unused
2253	0	0	0	unused
2254	0	0	0	unused
2255	0	0	0	unused
2256	0	0	0	unused
2257	0	0	0	unused
2258	0	0	0	unused
2259	0	0	0	unused
2260	0	0	0	unused
2261	0	0	0	unused
2262	0	0	0	unused
2263	0	0	0	unused
2264	0	0	0	unused
2265	0	0	0	unused
2266	0	0	0	unused
2267	0	0	0	unused
2268	0	0	0	unused
2269	0	0	0	unused
2270	0	0	0	unused
2271	0	0	0	unused
2272	0	0	0	unused
2273	0	0	0	unused
2274	0	0	0	unused
2275	0	0	0	unused
2276	0	0	0	unused
2277	0	0	0	unused
2278	0	0	0	unused
2279	0	0	0	unused
2280	0	0	0	unused
2281	0	0	0	unused
2282	0	0	0	unused
2283	0	0	0	unused
2284	0	0	0	unused
2285	0	0	0	unused
2286	0	0	0	unused
2287	0	0	0	unused
2288	0	0	0	unused
2289	0	0	0	unused
2290	0	0	0	unused
2291	0	0	0	unused
2292	0	0	0	unused
2293	0	0	0	unused
2294	0	0	0	unused
2295	0	0	0	unused
2296	0	0	0	unused
2297	0	0	0	unused
2298	0	0	0	unused
2299	0	0	0	unused
2300	0	0	0	unused
2301	0	0	0	unused
2302	0	0	0	unused
2303	0	0	0	unused
2304	0	0	0	unused
2305	0	0	0	unused
2306	0	0	0	unused
2307	0	0	0	unused
2308	0	0	0	unused
2309	0	0	0	unused
2310	0	0	0	unused
2311	0	0	0	unused
2312	0	0	0	unused
2313	0	0	0	unused
2314	0	0	0	unused
2315	0	0	0	unused
2316	0	0	0	unused
2317	0	0	0	unused
2318	0	0	0	unused
2319	0	0	0	unused
2320	0	0	0	unused
2321	0	0	0	unused
2322	0	0	0	unused
2323	0	0	0	unused
2324	0	0	0	unused
2325	0	0	0	unused
2326	0	0	0	unused
2327	0	0	0	unused
2328	0	0	0	unused
2329	0	0	0	unused
2330	0	0	0	unused
2331	0	0	0	unused
2332	0	0	0	unused
2333	0	0	0	unused
2334	0	0	0	unused
2335	0	0	0	unused
2336	0	0	0	unused
2337	0	0	0	unused
2338	0	0	0	unused
2339	0	0	0	unused
2340	0	0	0	unused
2341	0	0	0	unused
2342	0	0	0	unused
2343	0	0	0	unused
2344	0	0	0	unused
2345	0	0	0	unused
2346	0	0	0	unused
2347	0	0	0	unused
2348	0	0	0	unused
2349	0	0	0	unused
2350	0	0	0	unused
2351	0	0	0	unused
2352	0	0	0	unused
2353	0	0	0	unused
2354	0	0	0	unused
2355	0	0	0	unused
2356	0	0	0	unused
2357	0	0	0	unused
2358	0	0	0	unused
2359	0	0	0	unused
2360	0	0	0	unused
2361	0	0	0	unused
2362	0	0	0	unused
2363	0	0	0	unused
2364	0	0	0	unused
2365	0	0	0	unused
2366	0	0	0	unused
2367	0	0	0	unused
2368	0	0	0	unused
2369	0	0	0	unused
2370	0	0	0	unused
2371	0	0	0	unused
2372	0	0	0	unused
2373	0	0	0	unused
2374	0	0	0	unused
2375	0	0	0	unused
2376	0	0	0	unused
2377	0	0	0	unused
2378	0	0	0	unused
2379	0	0	0	unused
2380	0	0	0	unused
2381	0	0	0	unused
2382	0	0	0	unused
2383	0	0	0	unused
2384	0	0	0	unused
2385	0	0	0	unused
2386	0	0	0	unused
2387	0	0	0	unused
2388	0	0	0	unused
2389	0	0	0	unused
2390	0	0	0	unused
2391	0	0	0	unused
2392	0	0	0	unused
2393	0	0	0	unused
2394	0	0	0	unused
2395	0	0	0	unused
2396	0	0	0	unused
2397	0	0	0	unused
2398	0	0	0	unused
2399	0	0	0	unused
2400	0	0	0	unused
2401	0	0	0	unused
2402	0	0	0	unused
2403	0	0	0	unused
2404	0	0	0	unused
2405	0	0	0	unused
2406	0	0	0	unused
2407	0	0	0	unused
2408	0	0	0	unused
2409	0	0	0	unused
2410	0	0	0	unused
2411	0	0	0	unused
2412	0	0	0	unused
2413	0	0	0	unused
2414	0	0	0	unused
2415	0	0	0	unused
2416	0	0	0	unused
2417	0	0	0	unused
2418	0	0	0	unused
2419	0	0	0	unused
2420	0	0	0	unused
2421	0	0	0	unused
2422	0	0	0	unused
2423	0	0	0	unused
2424	0	0	0	unused
2425	0	0	0	unused
2426	0	0	0	unused
2427	0	0	0	unused
2428	0	0	0	unused
2429	0	0	0	unused
2430	0	0	0	unused
2431	0	0	0	unused
2432	0	0	0	unused
2433	0	0	0	unused
2434	0	0	0	unused
2435	0	0	0	unused
2436	0	0	0	unused
2437	0	0	0	unused
2438	0	0	0	unused
2439	0	0	0	unused
2440	0	0	0	unused
2441	0	0	0	unused
2442	0	0	0	unused
2443	0	0	0	unused
2444	0	0	0	unused
2445	0	0	0	unused
2446	0	0	0	unused
2447	0	0	0	unused
2448	0	0	0	unused
2449	0	0	0	unused
2450	0	0	0	unused
2451	0	0	0	unused
2452	0	0	0	unused
2453	0	0	0	unused
2454	0	0	0	unused
2455	0	0	0	unused
2456	0	0	0	unused
2457	0	0	0	unused
2458	0	0	0	unused
2459	0	0	0	unused
2460	0	0	0	unused
2461	0	0	0	unused
2462	0	0	0	unused
2463	0	0	0	unused
2464	0	0	0	unused
2465	0	0	0	unused
2466	0	0	0	unused
2467	0	0	0	unused
2468	0	0	0	unused
2469	0	0	0	unused
2470	0	0	0	unused
2471	0	0	0	unused
2472	0	0	0	unused
2473	0	0	0	unused
2474	0	0	0	unused
2475	0	0	0	unused
2476	0	0	0	unused
2477	0	0	0	unused
2478	0	0	0	unused
2479	0	0	0	unused
2480	0	0	0	unused
2481	0	0	0	unused
2482	0	0	0	unused
2483	0	0	0	unused
2484	0	0	0	unused
2485	0	0	0	unused
2486	0	0	0	unused
2487	0	0	0	unused
2488	0	0	0	unused
2489	0	0	0	unused
2490	0	0	0	unused
2491	0	0	0	unused
2492	0	0	0	unused
2493	0	0	0	unused
2494	0	0	0	unused
2495	0	0	0	unused
2496	0	0	0	unused
2497	0	0	0	unused
2498	0	0	0	unused
2499	0	0	0	unused
2500	0	0	0	unused
2501	0	0	0	unused
2502	0	0	0	unused
2503	0	0	0	unused
2504	0	0	0	unused
2505	0	0	0	unused
2506	0	0	0	unused
2507	0	0	0	unused
2508	0	0	0	unused
2509	0	0	0	unused
2510	0	0	0	unused
2511	0	0	0	unused
2512	0	0	0	unused
2513	0	0	0	unused
2514	0	0	0	unused
2515	0	0	0	unused
2516	0	0	0	unused
2517	0	0	0	unused
2518	0	0	0	unused
2519	0	0	0	unused
2520	0	0	0	unused
2521	0	0	0	unused
2522	0	0	0	unused
2523	0	0	0	unused
2524	0	0	0	unused
2525	0	0	0	unused
2526	0	0	0	unused
2527	0	0	0	unused
2528	0	0	0	unused
2529	0	0	0	unused
2530	0	0	0	unused
2531	0	0	0	unused
2532	0	0	0	unused
2533	0	0	0	unused
2534	0	0	0	unused
2535	0	0	0	unused
2536	0	0	0	unused
2537	0	0	0	unused
2538	0	0	0	unused
2539	0	0	0	unused
2540	0	0	0	unused
2541	0	0	0	unused
2542	0	0	0	unused
2543	0	0	0	unused
2544	0	0	0	unused
2545	0	0	0	unused
2546	0	0	0	unused
2547	0	0	0	unused
2548	0	0	0	unused
2549	0	0	0	unused
2550	0	0	0	unused
2551	0	0	0	unused
2552	0	0	0	unused
2553	0	0	0	unused
2554	0	0	0	unused
2555	0	0	0	unused
2556	0	0	0	unused
2557	0	0	0	unused
2558	0	0	0	unused
2559	0	0	0	unused
2560	0	0	0	unused
2561	0	0	0	unused
2562	0	0	0	unused
2563	0	0	0	unused
2564	0	0	0	unused
2565	0	0	0	unused
2566	0	0	0	unused
2567	0	0	0	unused
2568	0	0	0	unused
2569	0	0	0	unused
2570	0	0	0	unused
2571	0	0	0	unused
2572	0	0	0	unused
2573	0	0	0	unused
2574	0	0	0	unused
2575	0	0	0	unused
2576	0	0	0	unused
2577	0	0	0	unused
2578	0	0	0	unused
2579	0	0	0	unused
2580	0	0	0	unused
2581	0	0	0	unused
2582	0	0	0	unused
2583	0	0	0	unused
2584	0	0	0	unused
2585	0	0	0	unused
2586	0	0	0	unused
2587	0	0	0	unused
2588	0	0	0	unused
2589	0	0	0	unused
2590	0	0	0	unused
2591	0	0	0	unused
2592	0	0	0	unused
2593	0	0	0	unused
2594	0	0	0	unused
2595	0	0	0	unused
2596	0	0	0	unused
2597	0	0	0	unused
2598	0	0	0	unused
2599	0	0	0	unused
2600	0	0	0	unused
2601	0	0	0	unused
2602	0	0	0	unused
2603	0	0	0	unused
2604	0	0	0	unused
2605	0	0	0	unused
2606	0	0	0	unused
2607	0	0	0	unused
2608	0	0	0	unused
2609	0	0	0	unused
2610	0	0	0	unused
2611	0	0	0	unused
2612	0	0	0	unused
2613	0	0	0	unused
2614	0	0	0	unused
2615	0	0	0	unused
2616	0	0	0	unused
2617	0	0	0	unused
2618	0	0	0	unused
2619	0	0	0	unused
2620	0	0	0	unused
2621	0	0	0	unused
2622	0	0	0	unused
2623	0	0	0	unused
2624	0	0	0	unused
2625	0	0	0	unused
2626	0	0	0	unused
2627	0	0	0	unused
2628	0	0	0	unused
2629	0	0	0	unused
2630	0	0	0	unused
2631	0	0	0	unused
2632	0	0	0	unused
2633	0	0	0	unused
2634	0	0	0	unused
2635	0	0	0	unused
2636	0	0	0	unused
2637	0	0	0	unused
2638	0	0	0	unused
2639	0	0	0	unused
2640	0	0	0	unused
2641	0	0	0	unused
2642	0	0	0	unused
2643	0	0	0	unused
2644	0	0	0	unused
2645	0	0	0	unused
2646	0	0	0	unused
2647	0	0	0	unused
2648	0	0	0	unused
2649	0	0	0	unused
2650	0	0	0	unused
2651	0	0	0	unused
2652	0	0	0	unused
2653	0	0	0	unused
2654	0	0	0	unused
2655	0	0	0	unused
2656	0	0	0	unused
2657	0	0	0	unused
2658	0	0	0	unused
2659	0	0	0	unused
2660	0	0	0	unused
2661	0	0	0	unused
2662	0	0	0	unused
2663	0	0	0	unused
2664	0	0	0	unused
2665	0	0	0	unused
2666	0	0	0	unused
2667	0	0	0	unused
2668	0	0	0	unused
2669	0	0	0	unused
2670	0	0	0	unused
2671	0	0	0	unused
2672	0	0	0	unused
2673	0	0	0	unused
2674	0	0	0	unused
2675	0	0	0	unused
2676	0	0	0	unused
2677	0	0	0	unused
2678	0	0	0	unused
2679	0	0	0	unused
2680	0	0	0	unused
2681	0	0	0	unused
2682	0	0	0	unused
2683	0	0	0	unused
2684	0	0	0	unused
2685	0	0	0	unused
2686	0	0	0	unused
2687	0	0	0	unused
2688	0	0	0	unused
2689	0	0	0	unused
2690	0	0	0	unused
2691	0	0	0	unused
2692	0	0	0	unused
2693	0	0	0	unused
2694	0	0	0	unused
2695	0	0	0	unused
2696	0	0	0	unused
2697	0	0	0	unused
2698	0	0	0	unused
2699	0	0	0	unused
2700	0	0	0	unused
2701	0	0	0	unused
2702	0	0	0	unused
2703	0	0	0	unused
2704	0	0	0	unused
2705	0	0	0	unused
2706	0	0	0	unused
2707	0	0	0	unused
2708	0	0	0	unused
2709	0	0	0	unused
2710	0	0	0	unused
2711	0	0	0	unused
2712	0	0	0	unused
2713	0	0	0	unused
2714	0	0	0	unused
2715	0	0	0	unused
2716	0	0	0	unused
2717	0	0	0	unused
2718	0	0	0	unused
2719	0	0	0	unused
2720	0	0	0	unused
2721	0	0	0	unused
2722	0	0	0	unused
2723	0	0	0	unused
2724	0	0	0	unused
2725	0	0	0	unused
2726	0	0	0	unused
2727	0	0	0	unused
2728	0	0	0	unused
2729	0	0	0	unused
2730	0	0	0	unused
2731	0	0	0	unused
2732	0	0	0	unused
2733	0	0	0	unused
2734	0	0	0	unused
2735	0	0	0	unused
2736	0	0	0	unused
2737	0	0	0	unused
2738	0	0	0	unused
2739	0	0	0	unused
2740	0	0	0	unused
2741	0	0	0	unused
2742	0	0	0	unused
2743	0	0	0	unused
2744	0	0	0	unused
2745	0	0	0	unused
2746	0	0	0	unused
2747	0	0	0	unused
2748	0	0	0	unused
2749	0	0	0	unused
2750	0	0	0	unused
2751	0	0	0	unused
2752	0	0	0	unused
2753	0	0	0	unused
2754	0	0	0	unused
2755	0	0	0	unused
2756	0	0	0	unused
2757	0	0	0	unused
2758	0	0	0	unused
2759	0	0	0	unused
2760	0	0	0	unused
2761	0	0	0	unused
2762	0	0	0	unused
2763	0	0	0	unused
2764	0	0	0	unused
2765	0	0	0	unused
2766	0	0	0	unused
2767	0	0	0	unused
2768	0	0	0	unused
2769	0	0	0	unused
2770	0	0	0	unused
2771	0	0	0	unused
2772	0	0	0	unused
2773	0	0	0	unused
2774	0	0	0	unused
2775	0	0	0	unused
2776	0	0	0	unused
2777	0	0	0	unused
2778	0	0	0	unused
2779	0	0	0	unused
2780	0	0	0	unused
2781	0	0	0	unused
2782	0	0	0	unused
2783	0	0	0	unused
2784	0	0	0	unused
2785	0	0	0	unused
2786	0	0	0	unused
2787	0	0	0	unused
2788	0	0	0	unused
2789	0	0	0	unused
2790	0	0	0	unused
2791	0	0	0	unused
2792	0	0	0	unused
2793	0	0	0	unused
2794	0	0	0	unused
2795	0	0	0	unused
2796	0	0	0	unused
2797	0	0	0	unused
2798	0	0	0	unused
2799	0	0	0	unused
2800	0	0	0	unused
2801	0	0	0	unused
2802	0	0	0	unused
2803	0	0	0	unused
2804	0	0	0	unused
2805	0	0	0	unused
2806	0	0	0	unused
2807	0	0	0	unused
2808	0	0	0	unused
2809	0	0	0	unused
2810	0	0	0	unused
2811	0	0	0	unused
2812	0	0	0	unused
2813	0	0	0	unused
2814	0	0	0	unused
2815	0	0	0	unused
2816	0	0	0	unused
2817	0	0	0	unused
2818	0	0	0	unused
2819	0	0	0	unused
2820	0	0	0	unused
2821	0	0	0	unused
2822	0	0	0	unused
2823	0	0	0	unused
2824	0	0	0	unused
2825	0	0	0	unused
2826	0	0	0	unused
2827	0	0	0	unused
2828	0	0	0	unused
2829	0	0	0	unused
2830	0	0	0	unused
2831	0	0	0	unused
2832	0	0	0	unused
2833	0	0	0	unused
2834	0	0	0	unused
2835	0	0	0	unused
2836	0	0	0	unused
2837	0	0	0	unused
2838	0	0	0	unused
2839	0	0	0	unused
2840	0	0	0	unused
2841	0	0	0	unused
2842	0	0	0	unused
2843	0	0	0	unused
2844	0	0	0	unused
2845	0	0	0	unused
2846	0	0	0	unused
2847	0	0	0	unused
2848	0	0	0	unused
2849	0	0	0	unused
2850	0	0	0	unused
2851	0	0	0	unused
2852	0	0	0	unused
2853	0	0	0	unused
2854	0	0	0	unused
2855	0	0	0	unused
2856	0	0	0	unused
2857	0	0	0	unused
2858	0	0	0	unused
2859	0	0	0	unused
2860	0	0	0	unused
2861	0	0	0	unused
2862	0	0	0	unused
2863	0	0	0	unused
2864	0	0	0	unused
2865	0	0	0	unused
2866	0	0	0	unused
2867	0	0	0	unused
2868	0	0	0	unused
2869	0	0	0	unused
2870	0	0	0	unused
2871	0	0	0	unused
2872	0	0	0	unused
2873	0	0	0	unused
2874	0	0	0	unused
2875	0	0	0	unused
2876	0	0	0	unused
2877	0	0	0	unused
2878	0	0	0	unused
2879	0	0	0	unused
2880	0	0	0	unused
2881	0	0	0	unused
2882	0	0	0	unused
2883	0	0	0	unused
2884	0	0	0	unused
2885	0	0	0	unused
2886	0	0	0	unused
2887	0	0	0	unused
2888	0	0	0	unused
2889	0	0	0	unused
2890	0	0	0	unused
2891	0	0	0	unused
2892	0	0	0	unused
2893	0	0	0	unused
2894	0	0	0	unused
2895	0	0	0	unused
2896	0	0	0	unused
2897	0	0	0	unused
2898	0	0	0	unused
2899	0	0	0	unused
2900	0	0	0	unused
2901	0	0	0	unused
2902	0	0	0	unused
2903	0	0	0	unused
# tensors 2904

[INFO] Interpreter Building took 608 ms

[INFO] SentencePiece Loading took 70 ms

[INFO] KV Cache Building took 93 ms

[INFO] LoRA Loading took 0 ms

[INFO] Input Prompt Preparation took 0 ms

[INFO] Signature Runners Preparation took 7 ms

[INFO] Prefill Stage took 7814 ms

Prompt:
Once upon a time, there was 

Output Text:
 a young girl named Emma who lived in a small village surrounded by rolling hills and dense forests. She was a curious and adventurous child, always eager to explore the world around her. One day, while wandering through the forest, Emma stumbled upon a hidden path she had never seen before. The path was overgrown with weeds and vines, and it seemed to lead deeper into the forest than any of the villagers had ever ventured.
Emma's curiosity got the better of her, and she decided to follow the path. As she walked, the trees grew taller and the air grew thick with an eerie silence. She could feel the weight of the forest

================================
[INFO] Decoding stage completed
[METRICS] Total Number of Generated Tokens : 128 tokens

[METRICS] Total Inference Latency          : 56732.5 ms
[METRICS] Total Sampling Latency           : 1178.1 ms
[METRICS] Total Decoding Latency           : 57913.8 ms

[METRICS] Time To First Token              : 1557.72 ms
[METRICS] Average Inference Latency        : 443.223 ms/tokens(2.2562 token/s )
[METRICS] Average Sampling Latency         : 9.20389 ms/tokens(108.65 token/s )
[METRICS] Average Decoding Latency         : 452.426 ms/tokens(2.21018 token/s )
Profiling PID: ...
Done
